69946
69651
69636
69628
69508
69391
69376
69367
69263
69226
69220
69192
69104
68978
68767
68711
68709
68671
68538
68534
68438
68293
68186
68150
68092
67979
67934
67915
67759
67724
67688
67624
67477
67289
67227
67205
67199
67028
66872
66857
66799
66723
66549
66530
66530
66475
66417
66357
66312
66280
66255
66246
66011
66007
65996
65981
65855
65808
65804
65742
65723
65644
65631
65578
65524
65428
65392
65349
65315
65310
65131
65084
65078
64949
64937
64894
64885
64860
64841
64834
64830
64828
64710
64644
64559
64345
64257
64215
64187
64114
63913
63836
63764
63668
63612
63587
63572
63475
63358
63352
63339
63292
63157
63136
63065
62976
62914
62884
62852
62824
62773
62751
62674
62627
62555
62174
62110
61880
61719
61681
61668
61643
61553
61504
61495
61491
61429
61294
61145
61021
60985
60901
60809
60775
60711
60572
60429
60399
60374
60335
60318
60307
60258
60226
60175
60151
60122
60111
60064
60062
60060
60057
59921
59829
59724
59696
59688
59489
59327
59224
59130
59105
59011
59006
58962
58797
58784
58746
58660
58605
58601
58500
58182
58146
58090
57998
57970
57955
57889
57836
57836
57729
57723
57631
57567
57537
57456
57436
57419
57411
57334
57302
57261
57176
57127
57127
57124
57035
56971
56896
56857
56716
56642
56603
56484
56345
56246
55962
55930
55853
55759
55695
55541
55512
55492
55424
55381
55381
55339
55317
55189
55189
55166
55104
55104
55082
55025
55010
54931
54845
54824
54653
54533
54332
54298
54127
54121
54080
54048
54042
53800
53747
53728
53529
53360
53155
53078
52959
52925
52865
52747
52734
52728
52724
52645
52613
52602
52474
52388
52376
52333
52194
52121
52091
51983
51906
51790
51782
51739
51703
51575
51470
51442
51393
51192
51115
51092
51060
51011
50957
50778
50778
50746
50682
50630
50624
50472
50393
50389
50378
50242
50231
50154
49994
49757
49680
49626
49579
49560
49558
49428
49131
49124
49120
48864
48768
48676
48646
48601
48565
48456
48449
48319
48317
48315
48300
48199
48165
48043
48016
48007
47949
47907
47902
47879
47828
47810
47659
47603
47556
47488
47443
47426
47353
47272
47172
47071
46862
46747
46725
46715
46710
46486
46458
46445
46401
46236
46040
45879
45858
45796
45728
45659
45655
45550
45518
45463
45241
45010
44899
44886
44835
44732
44662
44617
44542
44512
44399
44397
44382
44309
44301
44207
44128
44111
44081
43987
43974
43818
43788
43700
43700
43574
43472
43410
43380
43339
43337
43322
43198
43192
43147
43145
42972
42904
42869
42752
42639
42543
42540
42508
42504
42382
42303
42284
42265
42258
42252
42111
42096
42002
41904
41880
41731
41703
41628
41492
41485
41336
41133
41126
41049
41034
40972
40962
40876
40831
40727
40705
40631
40620
40522
40466
40402
40372
40276
40272
40265
40203
40191
40161
40152
40107
40043
39968
39874
39819
39787
39757
39584
39548
39537
39503
39475
39419
39283
39120
38994
38917
38860
38783
38772
38620
38548
38511
38469
38232
38174
38172
38127
38084
38080
38065
37994
37973
37937
37862
37475
37433
37311
37283
37178
37112
37089
37063
37061
37018
36914
36888
36792
36766
36736
36659
36614
36559
36557
36553
36550
36367
36356
36335
36281
35886
35867
35858
35745
35677
35649
35640
35621
35544
35431
35373
35296
35224
35170
35136
35134
35117
34974
34820
34675
34662
34649
34557
34438
34391
34369
34339
34179
34104
34008
33854
33829
33748
33609
33506
33466
33308
33096
33094
33088
33079
33073
33043
32998
32976
32921
32769
32759
32671
32633
32624
32564
32517
32492
32387
32348
32263
32222
32131
32056
31883
31872
31804
31517
31500
31483
31374
31340
31306
31092
30921
30853
30821
30810
30774
30721
30479
30306
30229
30202
30191
30108
29962
29785
29659
29640
29635
29526
29426
29358
29255
29174
29163
29144
29016
28975
28896
28854
28772
28668
28540
28446
28290
28200
28151
27948
27873
27852
27822
27711
27704
27700
27636
27615
27608
27495
27489
27390
27262
26989
26912
26895
26882
26878
26794
26702
26651
26640
26435
26290
26245
26055
26034
25968
25882
25863
25713
25694
25568
25459
25419
25282
25090
25066
25040
25025
25008
24929
24899
24632
24611
24609
24583
24573
24229
24158
24103
24017
23951
23744
23639
23588
23515
23308
23306
23222
23128
23028
22876
22793
22727
22686
22652
22629
22530
22466
22432
22409
22366
22280
22189
22135
22060
21941
21917
21877
21830
21766
21648
21524
21522
21494
21460
21375
21347
21298
21261
21184
21170
21110
20984
20911
20843
20527
20514
20512
20409
20324
20283
20191
20183
20180
20170
20163
20144
20082
20065
20046
20025
19802
19557
19542
19503
19488
19486
19482
19422
19414
19396
19358
19208
19112
18877
18749
18559
18352
18292
18290
18281
18228
18098
18051
17989
17816
17790
17555
17540
17194
17156
17151
16995
16959
16938
16861
16812
16624
16513
16427
16416
16320
16213
16130
16098
16047
15942
15910
15795
15761
15752
15671
15588
15553
15479
15406
15380
15297
15220
15030
15026
14900
14829
14692
14633
14620
14532
14522
14462
14408
14406
14366
14287
14267
14208
14024
13985
13768
13759
13740
13731
13607
13603
13569
13537
13481
13460
13404
13276
13169
13131
13110
13110
13041
12742
12721
12676
12618
12601
12441
12424
12388
12208
12031
11997
11984
11920
11909
11789
11762
11700
11574
11505
11428
11383
11309
11304
11298
11095
11037
10993
10922
10837
10668
10589
10561
10356
10335
10311
10061
9956
9909
9892
9888
9873
9820
9724
9662
9655
9647
9623
9504
9433
9390
9316
9288
9196
9185
9175
9072
9040
8967
8955
8890
8824
8760
8562
8371
8290
8132
8085
7951
7921
7886
7859
7782
7780
7754
7658
7649
7622
7581
7513
7442
7431
7374
7265
7226
7141
7096
7058
6985
6932
6912
6797
6754
6705
6662
6585
6560
6393
6321
6304
6269
6263
6263
6199
6197
6160
6034
6024
5789
5680
5522
5485
5464
5274
5201
5182
5003
4840
4778
4718
4629
4614
4558
4520
4434
4357
4295
4276
4270
4212
4176
4018
4013
3819
3755
3614
3608
3595
3546
3529
3462
3370
3146
3099
3076
3063
2918
2909
2888
2824
2764
2507
2478
2394
2375
2326
2234
2181
2108
1854
1683
1619
1542
1501
1463
1362
1352
1322
1313
1292
1286
1102
1078
1070
942
863
856
841
758
662
653
371
343
311
177
128
70