70
128
177
311
343
371
653
662
758
841
856
863
942
1070
1078
1102
1286
1292
1313
1322
1352
1362
1463
1501
1542
1619
1683
1854
2108
2181
2234
2326
2375
2394
2478
2507
2764
2824
2888
2909
2918
3063
3076
3099
3146
3370
3462
3529
3546
3595
3608
3614
3755
3819
4013
4018
4176
4212
4270
4276
4295
4357
4434
4520
4558
4614
4629
4718
4778
4840
5003
5182
5201
5274
5464
5485
5522
5680
5789
6024
6034
6160
6197
6199
6263
6263
6269
6304
6321
6393
6560
6585
6662
6705
6754
6797
6912
6932
6985
7058
7096
7141
7226
7265
7374
7431
7442
7513
7581
7622
7649
7658
7754
7780
7782
7859
7886
7921
7951
8085
8132
8290
8371
8562
8760
8824
8890
8955
8967
9040
9072
9175
9185
9196
9288
9316
9390
9433
9504
9623
9647
9655
9662
9724
9820
9873
9888
9892
9909
9956
10061
10311
10335
10356
10561
10589
10668
10837
10922
10993
11037
11095
11298
11304
11309
11383
11428
11505
11574
11700
11762
11789
11909
11920
11984
11997
12031
12208
12388
12424
12441
12601
12618
12676
12721
12742
13041
13110
13110
13131
13169
13276
13404
13460
13481
13537
13569
13603
13607
13731
13740
13759
13768
13985
14024
14208
14267
14287
14366
14406
14408
14462
14522
14532
14620
14633
14692
14829
14900
15026
15030
15220
15297
15380
15406
15479
15553
15588
15671
15752
15761
15795
15910
15942
16047
16098
16130
16213
16320
16416
16427
16513
16624
16812
16861
16938
16959
16995
17151
17156
17194
17540
17555
17790
17816
17989
18051
18098
18228
18281
18290
18292
18352
18559
18749
18877
19112
19208
19358
19396
19414
19422
19482
19486
19488
19503
19542
19557
19802
20025
20046
20065
20082
20144
20163
20170
20180
20183
20191
20283
20324
20409
20512
20514
20527
20843
20911
20984
21110
21170
21184
21261
21298
21347
21375
21460
21494
21522
21524
21648
21766
21830
21877
21917
21941
22060
22135
22189
22280
22366
22409
22432
22466
22530
22629
22652
22686
22727
22793
22876
23028
23128
23222
23306
23308
23515
23588
23639
23744
23951
24017
24103
24158
24229
24573
24583
24609
24611
24632
24899
24929
25008
25025
25040
25066
25090
25282
25419
25459
25568
25694
25713
25863
25882
25968
26034
26055
26245
26290
26435
26640
26651
26702
26794
26878
26882
26895
26912
26989
27262
27390
27489
27495
27608
27615
27636
27700
27704
27711
27822
27852
27873
27948
28151
28200
28290
28446
28540
28668
28772
28854
28896
28975
29016
29144
29163
29174
29255
29358
29426
29526
29635
29640
29659
29785
29962
30108
30191
30202
30229
30306
30479
30721
30774
30810
30821
30853
30921
31092
31306
31340
31374
31483
31500
31517
31804
31872
31883
32056
32131
32222
32263
32348
32387
32492
32517
32564
32624
32633
32671
32759
32769
32921
32976
32998
33043
33073
33079
33088
33094
33096
33308
33466
33506
33609
33748
33829
33854
34008
34104
34179
34339
34369
34391
34438
34557
34649
34662
34675
34820
34974
35117
35134
35136
35170
35224
35296
35373
35431
35544
35621
35640
35649
35677
35745
35858
35867
35886
36281
36335
36356
36367
36550
36553
36557
36559
36614
36659
36736
36766
36792
36888
36914
37018
37061
37063
37089
37112
37178
37283
37311
37433
37475
37862
37937
37973
37994
38065
38080
38084
38127
38172
38174
38232
38469
38511
38548
38620
38772
38783
38860
38917
38994
39120
39283
39419
39475
39503
39537
39548
39584
39757
39787
39819
39874
39968
40043
40107
40152
40161
40191
40203
40265
40272
40276
40372
40402
40466
40522
40620
40631
40705
40727
40831
40876
40962
40972
41034
41049
41126
41133
41336
41485
41492
41628
41703
41731
41880
41904
42002
42096
42111
42252
42258
42265
42284
42303
42382
42504
42508
42540
42543
42639
42752
42869
42904
42972
43145
43147
43192
43198
43322
43337
43339
43380
43410
43472
43574
43700
43700
43788
43818
43974
43987
44081
44111
44128
44207
44301
44309
44382
44397
44399
44512
44542
44617
44662
44732
44835
44886
44899
45010
45241
45463
45518
45550
45655
45659
45728
45796
45858
45879
46040
46236
46401
46445
46458
46486
46710
46715
46725
46747
46862
47071
47172
47272
47353
47426
47443
47488
47556
47603
47659
47810
47828
47879
47902
47907
47949
48007
48016
48043
48165
48199
48300
48315
48317
48319
48449
48456
48565
48601
48646
48676
48768
48864
49120
49124
49131
49428
49558
49560
49579
49626
49680
49757
49994
50154
50231
50242
50378
50389
50393
50472
50624
50630
50682
50746
50778
50778
50957
51011
51060
51092
51115
51192
51393
51442
51470
51575
51703
51739
51782
51790
51906
51983
52091
52121
52194
52333
52376
52388
52474
52602
52613
52645
52724
52728
52734
52747
52865
52925
52959
53078
53155
53360
53529
53728
53747
53800
54042
54048
54080
54121
54127
54298
54332
54533
54653
54824
54845
54931
55010
55025
55082
55104
55104
55166
55189
55189
55317
55339
55381
55381
55424
55492
55512
55541
55695
55759
55853
55930
55962
56246
56345
56484
56603
56642
56716
56857
56896
56971
57035
57124
57127
57127
57176
57261
57302
57334
57411
57419
57436
57456
57537
57567
57631
57723
57729
57836
57836
57889
57955
57970
57998
58090
58146
58182
58500
58601
58605
58660
58746
58784
58797
58962
59006
59011
59105
59130
59224
59327
59489
59688
59696
59724
59829
59921
60057
60060
60062
60064
60111
60122
60151
60175
60226
60258
60307
60318
60335
60374
60399
60429
60572
60711
60775
60809
60901
60985
61021
61145
61294
61429
61491
61495
61504
61553
61643
61668
61681
61719
61880
62110
62174
62555
62627
62674
62751
62773
62824
62852
62884
62914
62976
63065
63136
63157
63292
63339
63352
63358
63475
63572
63587
63612
63668
63764
63836
63913
64114
64187
64215
64257
64345
64559
64644
64710
64828
64830
64834
64841
64860
64885
64894
64937
64949
65078
65084
65131
65310
65315
65349
65392
65428
65524
65578
65631
65644
65723
65742
65804
65808
65855
65981
65996
66007
66011
66246
66255
66280
66312
66357
66417
66475
66530
66530
66549
66723
66799
66857
66872
67028
67199
67205
67227
67289
67477
67624
67688
67724
67759
67915
67934
67979
68092
68150
68186
68293
68438
68534
68538
68671
68709
68711
68767
68978
69104
69192
69220
69226
69263
69367
69376
69391
69508
69628
69636
69651
69946