27262
27873
67289
61643
46725
4212
67028
37311
1619
24229
11789
21941
40962
36550
23588
60775
20183
46458
6912
14366
60572
56246
11383
19358
50682
29785
31804
47071
34339
67227
17816
23308
34974
30774
60318
47828
942
67477
56857
6932
31517
9956
13169
7581
28290
11037
3063
16513
51575
43192
33829
62751
36614
58746
29358
16995
9175
51790
38174
26290
15297
67724
38548
57419
64828
31374
7886
47488
3462
69628
48601
25090
32976
9504
47603
20527
44309
57631
61668
38511
23222
12031
65808
51782
43198
62174
46862
9072
5274
38232
59489
25882
19488
25459
36766
51470
47659
44662
22530
20512
52121
34675
57723
62884
40191
7780
37862
29962
58962
4013
33854
10922
20180
65310
63358
47443
39874
65392
14829
20283
52388
36367
41492
16130
13569
57955
27390
48199
12742
311
52724
68978
68186
6321
40631
58605
45796
44382
22652
7265
35621
47556
45010
65078
15942
20046
32921
47907
49626
16938
35136
42508
52376
8132
45858
39503
27636
22432
36281
57537
17790
22686
22876
17151
36356
47949
34662
57729
863
3595
16624
65996
1102
55317
21460
19503
12441
27948
26878
53529
18877
25040
10589
34820
5522
40161
40203
653
15220
5789
30229
56603
8955
10837
43339
41485
4778
32633
18098
2918
24899
34391
10356
41904
45655
54042
40466
9909
40043
15406
3546
66857
27489
7622
64937
63475
10561
63764
38080
16427
63292
44617
56971
59696
30821
58500
60399
40620
15030
63136
50154
14024
55853
60429
40372
52925
42972
20163
50231
69192
17555
33506
37178
22629
8760
42284
52865
21917
54653
64949
28975
65855
42258
55189
35170
48315
16416
34104
66280
55381
32131
51906
60985
38084
60111
60057
49131
9185
177
19802
9892
57436
32222
48016
37973
67759
29426
16320
49994
50778
13404
14406
48319
60151
25968
43472
34438
41133
67199
758
29144
58784
14532
1078
61681
59327
32492
66312
25025
32998
57836
68767
29526
11920
59724
9390
32056
1362
9662
46710
2888
47879
856
7513
37475
52728
11700
35117
65315
24017
33073
6263
33088
26034
54127
2478
4270
29163
66255
26912
2394
38860
69946
62555
20144
7096
34179
62773
21494
44732
3076
60122
9040
18228
19482
54332
53747
29174
60175
5464
9288
20025
2375
13110
68150
4520
26245
27615
61719
6197
3099
14267
61504
13460
23951
56345
43700
14620
58146
57998
54298
1352
56716
2909
36888
4018
30202
9623
60374
47272
15553
19542
38772
19396
21877
38469
30306
43818
9655
67688
67934
16213
63157
15479
48565
15671
40727
55010
33079
43322
52613
39584
14408
26895
1070
51115
65804
14633
22366
62824
66530
26989
65428
22060
57127
49560
26794
14208
1463
55695
6560
63587
7754
52194
5003
2326
65723
36557
24583
13110
2108
69226
37018
36736
41703
69220
10061
50472
16098
26640
13768
38065
57334
30479
40831
47426
48646
35134
50778
66872
39475
24103
12601
45879
16959
4295
35640
1286
51060
69367
13276
44886
45550
35544
59224
63352
42002
8371
41049
6393
29016
53800
50630
24158
63836
52091
46236
9724
8562
7921
15910
27704
38127
5182
16861
64830
32263
9873
40522
23515
58601
39537
37994
4276
59105
62674
55541
48007
37061
6585
44835
13985
46747
7058
67624
24609
23028
18352
39548
52734
13041
36914
12721
62627
7141
57261
1854
50389
1322
33466
3529
64860
48300
14692
53360
44899
19414
28200
60711
43974
24573
18281
35649
48043
22409
44542
27852
27608
57836
67979
42111
59921
9196
18290
20170
42252
2181
30853
13537
22189
22727
6797
6985
35858
26055
64644
7442
60060
54048
56896
67915
19208
48165
70
21170
33043
60064
11574
62852
6034
57124
61880
68711
4434
25066
25419
45659
31883
54845
58660
21298
19557
66007
38783
21648
41731
43700
51393
51739
32759
21524
30721
28772
66357
57411
50746
2507
53155
64710
662
52602
57456
25694
3146
57567
19112
29635
28854
55025
11505
32671
65578
57970
31500
41628
65524
46715
32387
59006
49124
51192
35677
1292
8824
63339
52747
47810
61294
44207
2234
22280
1501
45518
54121
14287
37063
10335
46486
2824
36335
42540
15795
59130
48676
9820
66723
10993
60307
39819
12424
5680
64215
4176
21184
13740
17540
40107
40402
60809
64885
64257
3819
69651
40972
48456
62976
49579
31092
62110
48768
5485
22793
30921
64114
23639
7226
36553
13607
46445
33609
57035
41126
3370
35224
42504
31340
20191
50393
66011
6024
43788
26882
44081
61145
4629
43147
26702
65644
64187
64894
61429
7859
39419
343
1313
20514
1542
12676
11309
60226
21261
33094
42869
22466
7658
42904
11428
57889
62914
68092
66417
51011
60062
54824
28540
57127
55962
39283
43987
28446
36659
10311
60258
65349
47353
18292
33308
13731
44128
68671
10668
64345
29659
3614
40272
55104
20065
30191
29640
42265
55104
68538
65131
51442
8890
48449
55930
34369
43337
27822
52474
42382
61491
21375
34008
32517
52959
23128
24929
17194
38620
41034
34649
43410
36792
67205
50624
12388
18051
12208
69263
15588
60901
16812
44399
8085
45463
49680
17989
55166
7374
44397
32769
43145
69104
44301
21522
20324
20843
68534
42639
59011
58182
7782
6705
34557
18749
33096
33748
32348
25008
6269
25863
28668
15380
55189
14900
46401
20911
32624
9888
61495
69636
21830
63913
21110
35867
27495
55082
19422
66549
35373
41336
11984
11909
49120
53728
24611
32564
27700
47902
27711
40276
31872
68438
11997
4558
13131
15752
66530
42303
43574
50242
15026
12618
128
43380
21347
54080
61553
20409
40152
36559
51703
4357
13603
64841
37433
16047
20082
6199
4614
39787
35886
39120
40705
9433
55759
55381
37283
44512
23306
52645
61021
11095
37112
49757
56484
37089
3608
51983
29255
6662
42543
68293
2764
13481
46040
7951
57302
7431
47172
18559
24632
54533
8967
42752
56642
4718
59829
65742
31483
57176
66246
40876
65631
37937
58797
55424
25282
69391
52333
3755
25568
26435
6304
30108
20984
38917
6160
28151
55492
65084
11762
19486
45728
25713
23744
48317
35745
63612
13759
14462
6754
38172
49558
41880
40265
59688
30810
54931
58090
53078
26651
69508
7649
15761
841
11298
65981
9316
55512
8290
50957
9647
49428
39757
63065
55339
1683
28896
6263
48864
66799
31306
11304
371
22135
66475
39968
68709
63572
14522
63668
69376
50378
35296
4840
44111
45241
42096
64559
21766
60335
17156
64834
5201
35431
51092
38994