99642
99511
94949
91580
91464
89941
89730
89010
88363
87677
87503
87423
87371
86877
86392
85736
85281
84982
84442
80319
78756
78555
77874
77551
75494
74630
74624
72454
72201
70608
69824
69470
69412
67694
67218
66223
64321
62707
62173
60537
60183
59606
58233
57437
56655
54397
52944
52255
50997
50534
50115
49478
48516
48071
47882
47390
47384
46566
45587
42425
41091
40621
39456
39254
38101
36773
35946
34597
34161
33657
33255
32110
31985
29223
28204
28134
27679
27011
26296
25183
24594
23419
23266
22863
21252
17971
13439
11584
11065
10272
5572
4733
4687
4129
4077
3613
2642
2227
1812
909
