909
1812
2227
2642
3613
4077
4129
4687
4733
5572
10272
11065
11584
13439
17971
21252
22863
23266
23419
24594
25183
26296
27011
27679
28134
28204
29223
31985
32110
33255
33657
34161
34597
35946
36773
38101
39254
39456
40621
41091
42425
45587
46566
47384
47390
47882
48071
48516
49478
50115
50534
50997
52255
52944
54397
56655
57437
58233
59606
60183
60537
62173
62707
64321
66223
67218
67694
69412
69470
69824
70608
72201
72454
74624
74630
75494
77551
77874
78555
78756
80319
84442
84982
85281
85736
86392
86877
87371
87423
87503
87677
88363
89010
89730
89941
91464
91580
94949
99511
99642