31985
86877
33657
67694
66223
47384
87677
23419
72454
28204
87503
74624
34161
94949
38101
50997
78555
67218
27011
909
77551
28134
58233
2227
77874
46566
48071
87371
88363
27679
35946
23266
2642
57437
13439
36773
85281
56655
24594
26296
99511
10272
40621
50115
4733
87423
62173
32110
1812
17971
52255
75494
54397
41091
52944
25183
64321
91580
89010
69412
29223
39456
11584
21252
60537
48516
84982
70608
89941
69470
69824
47390
42425
33255
5572
86392
4077
60183
45587
34597
62707
50534
47882
91464
49478
72201
74630
22863
59606
11065
3613
39254
80319
99642
4687
78756
4129
89730
84442
85736
